tit=('condition 3');

Tm=[75;60;65;70;55;55;50;50;60;45;45;10;50;50;60;50;70;70;65;80;45;75;65;10;60;60;45;40;50;10;50;55;80;65;70;70;40;60;70;60;70;55;45;60;70;50;10;65;60;55;80;45;10;55;80;10;70;60;60;10;60;55;50;65;70;10;40;65;55;60;55;40;65;60;45;50;55;60;70;60;10;60;65;70;60;40;80;65;60;80;70;50;60;50;75;55;70;55;60;40];

Tc=[];