tit= ('condition 1');

Tm= [20;15;25;25;25;25;25;20;35;20;25;20;20;25;25;25;25;25;25;20;20;20;25;25;25;20;20;20;20;25;20;25;30;30;25;20;25;20;25;25;20;15;25;25;20;20;25;25;30;20;30;30;20;20;15;25;25;20;20;25;30;20;20;25;20;25;20;30;25;20;35;25;20;20;20;35;15;25;20;25;20;25;25;15;20;20;15;20;30;20;20;25;25;25;20;25;20;20;30;25];

Tc=[];