tit=('condition 2');
Tm=[70;55;65;10;60;10;50;70;80;10;10;55;55;10;10;10;60;65;10;15;55;40;70;55;40;70;10;60;65;45;15;60;40;50;80;55;75;65;65;55;60;10;45;10;60;35;65;10;40;60;50;10;10;10;65;60;45;50;65;75;40;10;70;50;50;40;50;80;70;10;10;10;15;40;40;60;60;75;65;40;65;50;75;60;10;10;10;50;65;50;10;70;10;60;65;65;75;55;60;10];

Tc=[];