tit=('500% Mad1');

Mad1 = 500;
Mad2 = 100;
Mad3 = 100;

Tm = [ 80
50
50
55
60
700
620
60
290
45
95
70
135
55
90
40
55
50
150
625
90
65
65
65
90
65
55
65
715
70
90
645
120
505
750
75
85
685
90
180
160
85
135
115
110
80
75
80
75
65
100
800
105
85
70
80
75
180
65
90
115
110
75
75
880
400
805
85
185
60
80
80
70
75
785
110
110
70
80
70
70
150
85
75
535
75

];
    
Tc = [855
605
910
585
570
425
415
770
910
910
675
735
765
845
780
895

];

