tit=('30% Mad3 YEA');

Mad1 = 100;
Mad2 = 100;
Mad3 =  30;

Tm = [165.00
120.00
150.00
705.00
115.00
150.00
125.00
95.00
155.00
450.00
150.00
140.00
130.00
140.00
535.00
470.00
120.00
165.00
175.00
810.00
95.00
550.00
70.00
80.00
680.00
410.00
630.00
70.00
120.00
95.00
95.00
120.00
90.00
110.00
115.00
100.00
780.00
95.00
545.00
95.00
95.00
440.00
430.00
115.00
100.00
65.00

];
    
Tc = [835.00
860.00
945.00
910.00
905.00
920.00
870.00
740.00
930.00
875.00
875.00
];

