tit=('60% Mad2 P50 EMM');

Mad1 = 100;
Mad2 =  60;
Mad3 = 100;

Tm = [110.00
110.00
170.00
195.00
215.00
185.00
195.00
535.00
610.00
105.00
140.00
120.00
180.00
165.00
550.00
585.00
150.00
150.00
620.00
185.00
120.00
690.00
110.00
105.00
105.00
120.00
460.00
655.00
860.00
130.00
650.00
130.00
165.00
140.00
105.00
230.00
840.00
85.00
160.00

];
    
Tc = [ 520.00
500.00
605.00
620.00
590.00
895.00
480.00
445.00
530.00
550.00
640.00
450.00
640.00
715.00
675.00
600.00
500.00
490.00
535.00
660.00
685.00
520.00
520.00
695.00
550.00

];

