tit=('2xslp1_30Mad1');

Mad1 = 30;
Mad2 = 100;
Mad3 = 100;

Tm=[120
880
70
85
160
140
100
105
85
505
110
105
90
730
470
105
120
85
115
115
150
80
160
125
90
75
600
505
840
115
90
350
75
340
90
100
685
80
110
90
100
100
125
100
665
110
425
100
90
90
605
120
100
140
75
80
90
545
705
565
95
90
420

];

Tc=[780
835
825
620
830
625
925
735

];