tit=('60% Mad3');

Mad1 = 100;
Mad2 = 100;
Mad3 =  60;

Tm = [ 650
805
820
580
915
470
820
585
840
550
705
630
890
860
630
955
735
815
735
765
170
145
665
635
730
620
740
870
615
835
635
850
605
600
965
755
785
85
120
125
155
110
];
    
Tc =[ 675
950
930
990
920
915
975
920
960
805
860
840
955
905
865
840
810
985
985
985
900
835
920
860
845
720
955
];

