tit=('WT EMM');

Mad1 = 100;
Mad2 = 100;
Mad3 = 100;

Tm = [ 
685.00
730.00
510.00
330.00
705.00
765.00
740.00

520
775
555
335
695
655
];
    
Tc = [775.00
810.00
865.00
940.00
700.00
850.00
910.00
910.00
830.00
980.00
690.00
825.00
485.00
890.00
995.00
820.00
%275.00
720.00
965.00
820.00
920.00
830.00
990.00
795.00
685.00
815.00
790.00
845.00
785.00
395
1020
1020
520
530
500
425
465
1020
655
405
955

];

