tit=('WT YEA');

Mad1 = 100;
Mad2 = 100;
Mad3 = 100;

Tm = [ 
720.00
555.00
850.00
825.00
745.00
865.00
610.00
770.00
625.00
865.00
535.00
860.00
755.00
845.00
945.00
665.00
840.00
490.00
735.00
910.00
910.00
665.00

];
    
Tc = [985.00
960.00
950.00
845.00
965.00
935.00
990.00
960.00
955.00
925.00
950.00
925.00
955.00
845.00
975.00
795.00
1000.00
970.00
830.00
1005.00

];

