tit=('80% Mad2');

Mad1 = 100;
Mad2 =  80;
Mad3 = 100;

Tm = [640
90
80
655
700
550
625
575
135
175
435
105
115
740
45
140
125
710
135
165
90
475
95
305
185
140
160
555
300
85
100
150
675
615
585
805
635
140
400
390
125
140
175
140
135
680
110
860
145
120
670
110
130
995
65
105
740
970
65
65
720
115
100
895
885
535
140
715
485
410
485
335
120
415
745
150
700
140
845
330
155
175
795
375
825
550
185
705
900
135
850
355
145
820
180
415
685
135
415
655
155
795
125
120
140
705
125
130
295
125
560
145
155
460
160
95
460
555
105
125
130
135
595
155
645
355
665
120
440
760

735
150
610
600
175
160
705
125
595
635
140
525
715
695
130
655
595
785
155
155
155
160
180
715
155
765
910
635
 ];
    
Tc = [  990
915
975
945
905
955
855
905
855
900
945
1010
665
760
915
995
985
910
940
430
965
625
390
565
910
515
600
970
625
785
875
830
905
725
910
765
720
715
770
820
700
775
680
755
630

915
945
865
960
815
935
840
970
940
870
900
775
960
865
930
995
870
965
975
810
825
780

];

