tit=('Delta Mad1');

Mad1 = 0;
Mad2 = 100;
Mad3 =  100;

Tm=[30
55
55
60
40
50
55
70
40
45
55
45
35
65
45
50
55
55
45
75
55
45
50
50
45
60
30
55
50
45
55
50
45
50
45
45
50
55
45
45
50
50
50
60
60
60
65
60
60
85
50
50
60
45
40
85
50

50
55
60
50
55

];

Tc=[];