tit=('80% Mad2 / 30% Mad3');

Mad1 = 100;
Mad2 =  80;
Mad3 =  30;

Tm = [ 160.00
115.00
655.00
75.00
90.00
115.00
100.00
135.00
105.00
180.00
410.00
425.00
135.00
85.00
90.00
75.00
500.00
95.00
90.00
130.00
95.00
90.00
365.00

160.00
85.00
120.00
355.00
230.00
60.00
150.00
95.00

100.00
65.00
80.00
115.00


];
    
Tc =[705.00
    730.00


];

