tit=('WT EMM dgcn5');

Mad1 = 100;
Mad2 = 100;
Mad3 = 100;

Tm = [625
695
510
430
500
695
545
140
545
290
525
440
515
440
530
80
385
230
480
480
440
510
505
645
140
525
660

];
    
Tc = [615
570
540
505
600
695
615
515
490
470
600


];

