tit=('80% Mad2 / 120% Mad3');


Mad2 =  80;
Mad3 =  120;

Tm = [ 225
600
740
430
430


];
    
Tc =[ 645
775
695
805
760
760
715
690
760
700
680
695
740
805
760
495
700
680
805
800
845
775
815
730
800
755
830
775
790
765


];

