tit=('30% Mad3 EMM');

Mad1 = 100;
Mad2 = 100;
Mad3 =  30;

Tm = [205
560
160
445
195
180
675
450
250
150
210
125
330
130
450
185
710
595
500
195
290
145
175
200
135
530
340
545
125
120
200
200
135
175
185
165
260
115
105
165
305
100
145
180
135
185
270
200
215
200
170
265
130
545
90
465
90
195
425
230
365
195
195
405
165
145
70
495
750
60
345
320
210
100
365
600
75
80

];
    
Tc = [735
670
470
310
520
625
495
625
600
505
860
590
630
705
805
660
630
605
540
525
475
855
465
485
465
445
860
720
645
610
580
550
500
475
755
605
490
465
825
660
605
500

];

