tit=('80%_Mad2_30%_Mad1');

Mad1 =  30;
Mad2 =  80;
Mad3 = 100;

Tm = [ 195.00
    210.00
440.00
170.00
235.00
830.00
300.00
180.00
310.00
815.00
425.00
380.00
110.00
75.00
185.00
180.00
110.00
450.00
325.00
515.00
110.00
520.00
690.00
515.00
510.00
215.00
485.00
150.00
485.00
275.00
165.00

];
    
Tc =[730.00
920.00
820.00
690.00
855.00
775.00
];

