tit=('30% Mad1 YEA');

Mad1 = 30;
Mad2 =  100;
Mad3 = 100;

Tm = [645.00
785.00
535.00
370.00
840.00
430.00
660.00
435.00
605.00
875.00
140.00
440.00
595.00
570.00
665.00
570.00
475.00
550.00
715.00
475.00
915.00
650.00
660.00
795.00
870.00
140.00
275.00
670.00
565.00
670.00
100.00
650.00
785.00
575.00
955.00
790.00



];
    
Tc = [875.00
850.00
790.00
935.00
945.00
845.00
890.00
765.00
1010.00
965.00
930.00
890.00

];

