tit=('30% Mad3 (2)');
% tit=('20% Mad3');


Mad1 = 100;
Mad2 = 100;
Mad3 =  30;

Tm = [ 850
125
760
115
140
120
140
710
505
585
115
115
110
135
115
230
850
860
115
430
630
605
875
80
105
915
160
740
715
605
55
165
120
135
165
830
990
180
765
440
625
480
625
800
710
830
690
450
695
755
420
490
580
485
745
485
520
545
700
485
70
85
90
160
80
595
125
125
515
805
135
470
120
590
65
725
785
105
525
920
690
730
100
560
95
665
85
835
245
730
620
135
130
100
90
530
670
130
120
140
100
80
160
105
745
145
760
100
750
%2slp1
120
75
100
130
175
220
775
175
80
205
455
380
155
625
665
135
130
150
140
155
145
%530
90
170
175
630
740
505
480
90
115
90
180
575
115
120
70
355
110
140
420
180
155
80
770
150
600
150
115
85
105
80

];
    
Tc = [ 945
655
675
650
655
800
620
580
695
865
925
925
685
605
935
565
905
855
510
905
920
890
840
825
840
465
895
780
900
840
795
815
770
720
860
835
800
860
525
605
755
760
685
865
675
895
765
910
555
845
700
585
915
845
820
835
%2slp1
535
800
720
655
705
895
845
815
840
830
570
835
765
860
875
820
550
720

];

