tit=('60% Mad3 YEA');

Mad1 = 100;
Mad2 = 100;
Mad3 =  60;

Tm = [ 935.00
110.00
380.00
795.00
130.00
560.00
805.00
705.00
830.00
880.00
805.00
880.00
755.00
815.00
765.00
700.00

];
    
Tc =[ 930.00
810.00
950.00
625.00
630.00
960.00
925.00
885.00
845.00
960.00
1000.00
915.00
940.00
965.00
935.00
960.00
880.00
780.00
800.00
900.00
1000.00
895.00

];

