tit=('30% Mad1');

Mad1 =  30;
Mad2 = 100;
Mad3 = 100;

Tm = [ 620
455
775
570
535
600
625
400
615
695
600
515
595
640
410
735
705
525
850
765
630
835
790
925
490
715
680
495
870
705
855
920
945
965
770
865
740
930
840
690
935
470
460
520
490
670
585
610
795
780
605
505
695
580
630
725
455
725
895
910
690
645
650
415
715
860
260
200
%2slp1
165
320
695
880
550
900
875
900
710
745
770
700
500
690
640
775
650
300
920
600
640
595
870
660
835
815
800
790
995
875
185
580
620
755
605
860
695



];
    
Tc = [720
855
770
690
625
885
850
895
885
575
675
820
950
950
965
890
1000
785
855
710
1010
965
585
560
760
935
815
%2Slp1
870
985
700
895
755
930
835
995
805
960
880
680
730
895
845
810
855
915
795
915
820
790
995
885
940


];

