tit=('10% Mad1');

Mad1 =  10;
Mad2 = 100;
Mad3 = 100;

Tm = [ 55
95
75
55
155
105
55
55
55
50
285
45
100
100
75
130
115
45
60
125
150
185
105
485
75
210
405
260
60
255
135
120
70
55
95
190
190
110
95
70
515
555
85
80
160
220
105
170
140
155
695

];
    
Tc = [805

];

