tit=('80% Mad2 / 60% Mad3');

Mad1 = 100;
Mad2 =  80;
Mad3 =  60;

Tm = [ 115.00
490.00
125.00
710.00
130.00
105.00
155.00
590.00
685.00
675.00
685.00
165.00

105.00
445.00
180.00

305.00
140.00
815.00
110.00
155.00
580.00
685.00
625.00
390.00
620.00
150.00
160.00
190.00
430.00
150.00
510.00
570.00
150.00
660.00

];
    
Tc =[ 770.00
865.00
670.00
875.00
780.00

];

