tit=('2xslp1_30Mad3');

Mad1 = 100;
Mad2 = 100;
Mad3 = 30;

Tm=[80
70
80
75
80
85
100
725
105
100
65
65
85
60
85
95
85
105
120
120
115
375
110
180
80
80
70
85
70
85
70
90
80
75
85
690
75
85
85
95
80
85
75
90
75
85
70
105


];

Tc=[
];