tit=('80% Mad2');

Mad1 = 100;
Mad2 =  80;
Mad3 = 100;

Tm = [660.00
130.00
800.00
825.00
690.00
75.00
830.00
590.00
790.00
495.00
825.00
90.00
645.00
110.00
465.00
125.00
105.00
550.00
665.00
575.00
515.00
500.00
800.00
80.00
485.00
805.00
455.00
120.00
715.00
550.00
250.00
70.00
765.00
560.00
530.00
210.00
140.00
190.00
100.00
450.00
720.00
475.00
110.00
725.00
535.00
590.00
745.00
 ];
    
Tc = [  835.00
925.00
815.00
985.00
775.00
805.00
890.00
830.00
930.00
850.00
860.00
790.00
815.00
690.00
900.00
805.00
740.00
960.00
870.00
760.00
860.00
850.00
955.00
810.00
910.00
815.00
935.00
670.00
720.00
845.00
630.00
780.00
625.00
835.00

];

