tit=('Ark1 1.8 NM')

Mad1 = 100;
Mad2 = 100;
Mad3 = 100;

Tm=[111
60
129
147
225
75
210
105
3
105
129
441
111
132
153
186
612
60
129
96
84
99
306
156
87
135
81
219
165
171
243
120
147

];

Tc=[378
];