tit=('200% Mad2');

Mad1 = 100;
Mad2 =  200;
Mad3 = 100;

Tm = [670
900
875
955
745
895
%45
860
730
 ];
    
Tc = [995
1015
930
995
995
975
845
900
1005
900
785
965
910
920
840
1015
860
960
995
950
910
925
1015

];

