tit=('Mad1 high Nup myc');

Mad1 = 100;
Mad2 = 100;
Mad3 = 100;

Tm=[70.00
110.00
125.00
90.00
95.00
75.00
155.00
65.00
215.00
80.00
60.00
50.00
70.00
135.00
60.00
600.00
80.00
130.00
150.00
295.00
90.00
80.00
70.00
60.00
70.00
105.00
65.00
80.00
75.00
75.00
75.00
80.00
80.00
510.00
200.00
505.00
65.00
80.00
125.00
95.00
150.00
135.00
70.00
100.00
320.00
780.00
95.00
85.00
80.00
85.00
110.00
80.00
65.00
80.00
75.00
150.00
75.00
105.00
80.00
100.00
85.00
70.00
80.00
80.00
100.00
95.00
90.00
75.00
120.00
80.00
65.00
75.00
45.00
330.00
55.00
145.00
100.00
];

Tc=[725.00
715.00
795.00
455.00
725.00
770.00
885.00
485.00
500.00
790.00
540.00
760.00
810.00
770.00
785.00
530.00


];