tit=('Mad1 high Nup norm');

Mad1 = 100;
Mad2 = 100;
Mad3 = 100;

Tm=[90.00
55.00
75.00
590.00
700.00
435.00
95.00
60.00
55.00
70.00
90.00
70.00
60.00
55.00
65.00
80.00
60.00
50.00
60.00
75.00
95.00
65.00
710.00
75.00
55.00
65.00
60.00
70.00
50.00
65.00
90.00
95.00
70.00
55.00
75.00
70.00
105.00
65.00
65.00
65.00
55.00
155.00
135.00
90.00
480.00
70.00
695.00
75.00
70.00
595.00
120.00
60.00
65.00
95.00
70.00
60.00
120.00
50.00
60.00
105.00
75.00
720.00
605.00
75.00
60.00
55.00
55.00
65.00
70.00
55.00
490.00
140.00


];

Tc=[760.00
610.00
525.00
605.00
555.00
635.00
900.00
775.00
845.00
605.00
670.00
];