tit=('25% Mad2');

Mad1 = 100;
Mad2 = 25;
Mad3 = 100;

Tm = [  50
        45
        45
        55
        50
        25
        45
        50
        40
        50
        50
        35
        55
        55
        50
        40
        45
        45
        55
        50
        45
        50
        50
        60
        45
        45      
55
55
50
50
55
45
45
55
45
45
55
45
45
45
45];
    
Tc = [ ];

