tit=('2xslp1');

Mad1 = 100;
Mad2 = 100;
Mad3 = 100;

Tm=[775
145
780
120
135
785
100
665
855
805
710
645
685
135
160
740
855
195
705
770
110
765
110
110
695
705
110
140
495
835
125
770
165
670
600
115
895
685
165
650
905
545
150
675
770
815
105
125
135
120
145
585
745
95
755
760
120
105
630
755
510
850
740
165
640
90
125
120
745
120
775
120
775
755


];

Tc=[830
735
505
840
830
945
910
855
870
900
810
880
585
830
855
775
810
970
855
730
790
865
720
825
715
830
665
720
815
635
845
745
880
885
840
725
895
710
740
850
965
890
755

];