tit=('60% Mad2 new');

Mad1 = 100;
Mad2 =  60;
Mad3 = 100;

Tm = [50.00
55.00
55.00
60.00
60.00
60.00
60.00
60.00
60.00
65.00
65.00
65.00
70.00
70.00
70.00
70.00
70.00
75.00
75.00
75.00
75.00
75.00
75.00
75.00
80.00
80.00
80.00
80.00
80.00
80.00
80.00
80.00
80.00
85.00
85.00
85.00
85.00
85.00
85.00
90.00
95.00
95.00
95.00
95.00
95.00
100.00
100.00
105.00
105.00
105.00
105.00
110.00
110.00
115.00
115.00
115.00
125.00
135.00
140.00
140.00
145.00
145.00
155.00
165.00
230.00
320.00
330.00
400.00
450.00
520.00
545.00
575.00
645.00
670.00
690.00
705.00
740.00
760.00];
    
Tc = [ 860.00
830.00
875.00
810.00
790.00
875.00
750.00
790.00
880.00
880.00
815.00
855.00
590.00
910.00
780.00
860.00
890.00
870.00
815.00
865.00
880.00
665.00
810.00];

