tit=('30% Mad3 (1)');

Mad1 = 100;
Mad2 = 100;
Mad3 =  30;

Tm = [140
125
95
160
120
575
90
140
140
170
175
165
765
760
615
605
135
100
155
830
745
720
645
415
675
845
675
875
765
640
120
840
860
740
910
845
140
115
135
105
125
80
130
105
75
125
115
90
115
115
465
150
95
635
85
720
465
740
540
75
150
700
765
740
710
555
115
155
245
740
830
650
80
85
750
150
755
85
590
710
85
];
    
Tc = [700
965
600
910
925
925
950
945
910
715
765
845
845
625
840
830
815
910
830
885
885
900
610
875
790
765
845
900
795
625
580
665
955
845
905
600
900
755
685
800
825
920
830
720
960
];

