tit=('80% Mad2 YEA');

Mad1 = 100;
Mad2 =  80;
Mad3 = 100;

Tm = [755.00
110.00
140.00
145.00
145.00
155.00
840.00
125.00
765.00
55.00
475.00
375.00
480.00
715.00
115.00
225.00
550.00
815.00
795.00
105.00
710.00
155.00
870.00
120.00
145.00
475.00
100.00
75.00
90.00
435.00
110.00
510.00
645.00
725.00
165.00
675.00
155.00
570.00
895.00
730.00
160.00
625.00
110.00
540.00
890.00
160.00
605.00
740.00
535.00
150.00
100.00
740.00
70.00
745.00
800.00
125.00
165.00
120.00
900.00
155.00



];
    
Tc = [ 775.00
720.00
595.00
780.00
930.00
925.00
955.00
645.00
925.00




];

