tit=('60% Mad2 new YEA');

Mad1 = 100;
Mad2 =  60;
Mad3 = 100;

Tm = [95.00
110.00
785.00
505.00
100.00
100.00
115.00
845.00
95.00
735.00
435.00
590.00
720.00
725.00
135.00
755.00
680.00
145.00
180.00
760.00
715.00
145.00
790.00
680.00
830.00
135.00
170.00
95.00
705.00
];
    
Tc = [ 920.00
900.00
875.00
920.00
940.00
900.00
865.00
910.00
830.00
660.00
835.00
980.00
865.00
965.00
865.00
870.00
915.00
925.00
];

