tit=('80% Mad2 EMM');

Mad1 = 100;
Mad2 =  80;
Mad3 = 100;

Tm = [495.00
415.00
305.00
430.00
350.00
610.00
655.00
430.00
500.00
115.00
585.00
790.00
645.00
615.00
685.00
475.00
805.00
520.00
520.00
780.00
485.00
495.00
805.00
595.00
595.00
280.00
135.00
855.00
130.00
335.00
590.00
640.00
705.00
655.00
620.00
585.00
565.00
315.00
235.00
395.00
205.00
235.00
290.00
160.00

];
    
Tc = [ 605.00
680.00
640.00
760.00
690.00
590.00
600.00
580.00
685.00
555.00
635.00
620.00
595.00
760.00
855.00
675.00
580.00
625.00
645.00
880.00
675.00
660.00
565.00
655.00
710.00
920.00
680.00
600.00
815.00
665.00
645.00
605.00
555.00
565.00
680.00
620.00
585.00
645.00
765.00
595.00
630.00
780.00
695.00
650.00
725.00
720.00
855.00
685.00
530.00
800.00
];

