tit=('120% Mad3');


Mad2 =  100;
Mad3 =  120;

Tm = [ 640
830
795
965
505
865
725
905
850
785
380
715
560
775
600
760
825
535
920
920
680
615
600
820
610
640
625
820
780
650
345
855
600
865
875
505
910
395



];
    
Tc =[ 885
960
935
895
505
920
945
645
1005
955
665
855
880
520
850
835
900
610
560
630
970
970
560
765
915
575
655
730
950
925
410
895
830
970
725
740
990
835
730
730
910
905
915
940
870
900
995
990
970
975
875
965
900
910
870
910
960
780
635
945
985
885
970



];

