tit=('2xslp1_65Mad2');

Mad1 = 100;
Mad2 = 65;
Mad3 = 100;

Tm=[85
105
80
130
90
90
95
515
60
120
90
150
95
%610
%445
80
75
125
145
100
85
125
155
65
70
800
80
85
80
135
85
85
155
85
90
95
65
65
80
80
80
120
145
80
55
145
90
110
80
95
80
100
90
95
50
65
80
65
65
520
70
80
90
85
75

];

Tc=[935
575
655
885
880
720
760
615


];