tit=('Ark1 1.08 NM')

Mad1 = 100;
Mad2 = 100;
Mad3 = 100;

Tm=[246
249
327
141
249
294
234
501
636
135
216
255
441
225
450
279
330
483
147
141
144
351
246
60
306
231
420
291
426
174
231
333
237
201
225
];

Tc=[];