tit=('80% Mad2 EMM');

Mad1 = 100;
Mad2 =  80;
Mad3 = 100;

Tm = [175.00
145.00
115.00
75.00
120.00
105.00
510.00
80.00
155.00
110.00
200.00
180.00
155.00
150.00
125.00
135.00
135.00
140.00
100.00
125.00
115.00
95.00
500.00
95.00
450.00
135.00
90.00
480.00
235.00
130.00
125.00
95.00
180.00
85.00
110.00
110.00
560.00
485.00
535.00
80.00
70.00
105.00
90.00
70.00
315.00
85.00
135.00
120.00
75.00
135.00
225.00
130.00
150.00
375.00
125.00
130.00
220.00
305.00
185.00
135.00
100.00
370.00
400.00
175.00
485.00
160.00


];
    
Tc = [ 670.00
715.00
915.00


];

