tit=('65%_Mad2_120%_Mad3');

Mad1 =  1;
Mad2 =  0.65;
Mad3 = 1.2;

Tm = [85
610
70
705
650
95
140
545
110
330
645
845
325
890
790
740
130
695
360
135
545
690 
110
885
330
130
630
560
910
605
640

];
    
Tc =[900
675
885
865
850
835
935
870
835
855
895
790
915
880
655
790
930
860
890
790
790
910
915
865
890
925
730
500
775
860
775
875
780

];

