tit=('20% Mad2');
 
Mad1 = 1;
Mad2 = 0.20;
Mad3 = 1;

Tm = [  65
55
60
60
70
55
60
50
60
55
65
50
55
75
60
60
60
50
55

70

55

40
45
65
65

65
65
60
60
65
80
60
55
55
55
65
55
75
45
50
45
50
50
60
50
70

45
65
55
55
50
50
50
65
60
60
50
45
55
60
65
50
55
65
55
65
55
55
60
45
55
55
115
55
45
45
50
65
55


50
55
50
55
50
50
55
55
60
55
55

50
55
70
55


65
55
40
50
50
65
50
55

55
55
55

45
50
75
50
40
50
55
65
50
60
50
60
45
55
50
50
55
50
55
];
    
Tc = [ ];

