tit=('40% Mad2');

Mad1 = 1;
Mad2 = 0.40;
Mad3 = 1;
 
Tm = [  60
60
65
50
70
60
55
70
50
95
45
55
65
65
60
75
60
65
60
95
50
55
70
60
60
70
100
60
60
65
50
65
55
70
70
65
55
60
65
60
60
60
60
60
60
60
55
65
65
50
55
75
85
65
60
55
65
];
    
Tc = [ ];

