tit=('WT fusion');

Mad1 = 1;
Mad2 = 1;
Mad3 = 1;
 
Tm = [ %Mad2
950
550
650
900
920
585
765
375
325
795
900
645
785
815
310
840
605
825
640
580
530
505
680
665
480
790
690
740
585
560
660
425
720
835
930
840
465
535
415
865
460
540
880
820
520
565
735
535
810
630
410
685
710
790
695
880
560
325
930
770
545
875
685
745
745
625
890
800
840



 % Mad3
555
915
760
745
715
730
745
795
115
740
785
695
700
720
540
860
640
695
795
890
850




];
    
Tc = [ 
980 %Mad2
825
855
960
930
980
980
1015
860
725
890
1015
960
785
1010
795
945
965
935
780
755
885
935
815
945
965
825
965
975
910
840
690
940
970
940

850
805
830
745
880
820
845
835
850
800
765
685
725
810
815
895
810
845
750
860
700
840
840

940
865
920
960
830
845
820
855
775
880
945
925
915
880
990
920
940
850
880

990
930
920
835
950
950
975
1000
925
885
895
925
900
930
995
850
880
910
1010
865
940
855
980
1010
980
870

950
895
930
915
545
640
720
650
945
845
730
895



 % Mad3
895
845
600
515
900
760
700
775
825
885
635
750
970
885
895
725
595
850
695
935
640

895
905
955
750
825
835
855
815
920
780
805
825
935
845
980
770




];

