tit=('65%_Mad2_60%_Mad3');

Mad1 =  1;
Mad2 =  0.65;
Mad3 = 0.60;
 
Tm = [ 775
805
630
240
760
550
165
115
755
95
160
620
770
85
120
170
255
720
655
155
815
605
130
685
140
775
760
490
810
110
600
125
145
625
945
140
790
930
800
450
720
160
740
135
130
795
580
125
155
700
740
150
745
110
130

];
    
Tc =[940
525
835
545
730
705
835
920
845
790
915
880
815
885
885


];

