tit=('WT Mad3');

Mad1 = 1;
Mad2 = 1;
Mad3 = 1;

Tm = [ 

555
915
760
745
715
730
745
795
115
740
785
695 
700
720
540
860
640
695
795
890
850



];
    
Tc = [ 

895
845
600
515
900
760
700
775
825
885
635
750
970
885
895
725
595
850
695
935
640

895
905
955
750
825
835
855
815
920
780
805
825
935
845
980
770


];

