tit=('Delta Mad3');
  
Mad1 = 1;
Mad2 = 1;
Mad3 =   0;
  
Tm=[55
55
55
45
60
50
45
40
50
45
40
45
50
55
50
50
50
50
60
45
55
55
50
45
50
50
45
50
55
45
50
60
];

Tc=[];