tit=('200% Mad2 P(259bp) ');

Mad1 = 1;
Mad2 =  2;
Mad3 = 1;

Tm = [540
555
510
675
780
910
890
680 
555
930
810
725
550
520
 
 ];
    
Tc = [920
895
895
980
900
935
900
915
905
985
810
800
920
990
930
930
955
990
960
885
775
930
895
825
940
910
910
895
910
930
970

];

