tit=('Delta Mad2');

Mad1 = 1;
Mad2 =   0;
Mad3 = 1;
  
Tm=[55
60
35
50
45
45
45
45
50
40
40
60
50 
45
40
60
45
45
45
40
55
55
50
45
40
45
40
40
40
40

];

Tc=[];