tit=('WT Mad2');

Mad1 = 1;
Mad2 = 1;
Mad3 = 1;
 
Tm = [ %Mad2
950
550
650
900
920
585
765
375
325
795
900
645
785
815
310
840
605
825
640
580
530
505
680
665
480
790
690
740
585
560
660
425
720
835
930
840
465
535
415
865
460
540
880
820
520
565
735
535
810
630
410
685
710
790
695
880
560
325
930
770
545
875
685
745
745
625
890
800
840



];
    
Tc = [ 


];

