tit=('65%_Mad2_30%_Mad3');

Mad1 =  1;
Mad2 =  0.65;
Mad3 = 0.30;

Tm = [ 90 
70
115
85
140
115
195
75
80
475
60
85
60
75
90
100
85
85
55
70
115
75
110
70
90
90
95
60
130
95
135
70
85
470
65
65
95
175
60
100
280
55

];
    
Tc =[830
635
560
565
465
710
775
665

];

