tit=('il4ra');
Tm=10.^[
3.3846
4.287
2.5792
4.1868
3.3101
2.3124
3.4511
3.9829
4.1771
2.9432
3.9559
2.0393
4.5729
4.5496
4.1962
3.5049
4.6861
3.5716
3.3596
2.0082
3.232
3.4934
4.3325
1.2032
3.5677
2.0232
4.1674
3.6153
3.6835
3.0666
3.2452
2.8228
3.7711
3.317
3.3528
4.1401
3.5208
2.5967
3.1997
3.4832
2.8139
4.0757
3.3744
3.6138
3.4254
3.1844
3.2445
2.6054
3.2886
3.682
4.1435
3.5641
3.8354
3.6874
3.5769
1.2863
3.0986
4.0578
3.8892
3.1751
3.266
2.7506
2.8935
4.0981
4.1044
3.6422
3.2466
3.1804
3.1953
3.9622
1.818
2.8438
3.4477
3.4501
3.8122
3.1487
1.7481
3.2099
4.7408
4.2357
2.8896
];

Tc=[];
