tit=('gata3');
Tm=10.^[
3.7048
4.1911
3.6476
4.1209
3.8959
3.4804
3.5888
4.0487
4.1831
4.0063
3.7725
3.3144
4.0304
4.3584
4.0393
3.9871
4.2888
3.6533
3.8143
3.9563
4.0598
3.8447
4.6498
3.0933
3.7623
3.6569
4.1343
3.8178
3.0019
3.7357
3.7994
3.565
3.9185
3.2814
3.9212
4.0021
3.0897
3.9767
3.3892
4.2824
3.6135
3.6964
3.6016
3.6422
3.7125
3.5906
3.1155
3.3625
3.5667
3.559
4.0017
3.3057
3.5742
3.7748
3.4487
3.2465
3.6681
4.0523
4.2269
3.9956
3.8132
3.6878
3.95
4.6177
4.3195
3.9081
3.3788
3.2041
4.2088
4.3778
3.6496
3.117
3.8216
4.3316
3.9991
3.6394
2.8159
2.6673
4.4184
4.0439
3.6003];

Tc=[];
