tit=('batf');
Tm=10.^[
3.5195
3.8027
3.5729
4.5544
3.695
1.4089
1.7056
3.3233
4.1355
3.4979
3.7703
2.426
4.3281
3.5189
3.3941
3.4627
4.229
3.3883
3.6675
2.7519
3.4623
3.7758
4.321
3.1271
4.1686
3.1099
3.6704
3.926
3.9046
4.0371
1.8751
4.0075
4.0814
2.9327
3.4674
4.2455
3.2875
2.1041
3.5187
4.1848
3.2187
3.5062
3.2485
2.5389
3.4308
3.5297
3.6356
3.0372
3.019
3.5462
4.0514
3.1178
4.4974
3.4445
2.8343
1.4421
3.8091
3.9852
3.5736
3.6177
3.517
3.8033
3.9168
4.6667
3.9533
3.9335
3.4326
1.2548
3.8978
4.1985
2.7853
1.1126
2.9083
3.3018
4.0975
3.4451
2.7322
3.1844
4.214
4.6136
3.2519

];

Tc=[];
