tit=('Il2ra');
Tm=10.^[
4.0316
4.335
3.6564
4.8977
4.6256
3.3362
3.5729
3.8475
4.7324
4.4191
4.6655
3.0971
4.3354
4.6537
4.1332
4.6081
4.7665
3.8841
4.1545
4.2627
4.0333
4.0457
4.6737
3.9859
4.6647
4.3799
4.392
4.3652
3.6141
3.9439
3.9431
4.2175
4.2385
3.8703
3.9682
4.8764
4.1385
3.946
4.3426
4.7088
4.0257
4.133
4.1477
4.3365
4.0579
4.0876
3.9324
4.1403
3.8644
4.3755
4.7156
3.9447
4.2487
4.2226
3.6268
3.2719
4.2288
4.2867
4.4695
3.9953
4.5859
4.4354
4.4163
4.7786
4.3635
4.4902
3.791
3.5998
4.2501
4.4912
3.5841
4.0166
3.9718
3.9065
4.1837
4.0023
3.5879
3.935
4.1928
4.6882
3.8201

];

Tc=[];
